iteration --> 0
original partition of points, k = 4
                                                                                
                                                                                
                                                                                
                                                                                
                                                                                
                                                                                
                                                                                
                                                                                
        1                          3          4                                 
                                                 3       3                      
          3                        3  4  41 1       3                           
           1                        2           2    24   3                     
                                      2                                         
                                              1  4 4                            
                                          2              4                      
                                                                                
                3                     22                                        
                                                                                
                  3                                       3                     
                                              2                                 
                    1                                  2                        
                                         4          12                          
                      1                                                         
                                                                                
                                                                                
                                                                                
                                                                                
                     3                                                          
                                                                                
          1         3  4                                                        
                              3                                                 
                                                                                
                                                                                
                                                                                
                  3                                                             
                       2  4                                                     
          2         3                                                           
                   3    2                                   3                   
         3 4                                            1    2                  
              3                                    3                            
                                        2              3                        
                        2                                         3             
                                                                                
                                                    1                           
                                            1  2     1 2    3                   
                                                2              2                
                                              3                                 
                                                      4                         
                                                                                
                                                    4                           
                                                  2                             
                                                                                
                                                                                
                                                                                
                                                                                
                                                       4                        
                                                                                
                                       3                                        
                                       2   3                                    
                        2     1                                                 
                                                                                
                     4      1 2     2 2                      1                  
                         1    4                                                 
                        4   11        4  1                                      
                    11                 1                                        
                                  1        4                                    
                         4  4          1                                        
                                            4                                   
                              1                                                 
                        4       4                                               
                                                                                
                              4                                                 
                                                                                
                                                                                
                                                                                
                                                                                
                                                                                
                                                                                
                                                                                
                                                                                
iteration --> 1
numChangedLabel --> 71
                                                                                
                                                                                
                                                                                
                                                                                
                                                                                
                                                                                
                                                                                
                                                                                
        3                          3          3                                 
                                                 3       3                      
          3                        3  3  33 3       3                           
           3                        3           3    33   3                     
                                      3                                         
                                              3  3 3                            
                                          3              3                      
                                                                                
                3                     33                                        
                                                                                
                  3                                       3                     
                                              3                                 
                    3                                  3                        
                                         3          33                          
                      3                                                         
                                                                                
                                                                                
                                                                                
                                                                                
                     3                                                          
                                                                                
          3         3  3                                                        
                              3                                                 
                                                                                
                                                                                
                                                                                
                  1                                                             
                       1  1                                                     
          1         1                                                           
                   1    1                                   2                   
         1 1                                            2    2                  
              1                                    2                            
                                        4              2                        
                        1                                         2             
                                                                                
                                                    2                           
                                            4  4     2 2    2                   
                                                4              2                
                                              4                                 
                                                      4                         
                                                                                
                                                    4                           
                                                  4                             
                                                                                
                                                                                
                                                                                
                                                                                
                                                       4                        
                                                                                
                                       4                                        
                                       4   4                                    
                        1     1                                                 
                                                                                
                     1      1 1     1 1                      4                  
                         1    1                                                 
                        1   11        1  4                                      
                    11                 1                                        
                                  1        4                                    
                         1  1          1                                        
                                            4                                   
                              1                                                 
                        1       1                                               
                                                                                
                              1                                                 
                                                                                
                                                                                
                                                                                
                                                                                
                                                                                
                                                                                
                                                                                
                                                                                
iteration --> 2
numChangedLabel --> 6
                                                                                
                                                                                
                                                                                
                                                                                
                                                                                
                                                                                
                                                                                
                                                                                
        3                          3          3                                 
                                                 3       3                      
          3                        3  3  33 3       3                           
           3                        3           3    33   3                     
                                      3                                         
                                              3  3 3                            
                                          3              3                      
                                                                                
                3                     33                                        
                                                                                
                  3                                       3                     
                                              3                                 
                    3                                  3                        
                                         3          33                          
                      3                                                         
                                                                                
                                                                                
                                                                                
                                                                                
                     3                                                          
                                                                                
          1         3  3                                                        
                              3                                                 
                                                                                
                                                                                
                                                                                
                  1                                                             
                       1  1                                                     
          1         1                                                           
                   1    1                                   2                   
         1 1                                            2    2                  
              1                                    2                            
                                        4              2                        
                        1                                         2             
                                                                                
                                                    2                           
                                            4  4     2 2    2                   
                                                4              2                
                                              4                                 
                                                      2                         
                                                                                
                                                    4                           
                                                  4                             
                                                                                
                                                                                
                                                                                
                                                                                
                                                       4                        
                                                                                
                                       4                                        
                                       4   4                                    
                        1     1                                                 
                                                                                
                     1      1 1     1 4                      4                  
                         1    1                                                 
                        1   11        4  4                                      
                    11                 4                                        
                                  1        4                                    
                         1  1          4                                        
                                            4                                   
                              1                                                 
                        1       1                                               
                                                                                
                              1                                                 
                                                                                
                                                                                
                                                                                
                                                                                
                                                                                
                                                                                
                                                                                
                                                                                
iteration --> 3
numChangedLabel --> 5
                                                                                
                                                                                
                                                                                
                                                                                
                                                                                
                                                                                
                                                                                
                                                                                
        3                          3          3                                 
                                                 3       3                      
          3                        3  3  33 3       3                           
           3                        3           3    33   3                     
                                      3                                         
                                              3  3 3                            
                                          3              3                      
                                                                                
                3                     33                                        
                                                                                
                  3                                       3                     
                                              3                                 
                    3                                  3                        
                                         3          33                          
                      3                                                         
                                                                                
                                                                                
                                                                                
                                                                                
                     3                                                          
                                                                                
          1         3  3                                                        
                              3                                                 
                                                                                
                                                                                
                                                                                
                  1                                                             
                       1  1                                                     
          1         1                                                           
                   1    1                                   2                   
         1 1                                            2    2                  
              1                                    2                            
                                        4              2                        
                        1                                         2             
                                                                                
                                                    2                           
                                            4  2     2 2    2                   
                                                2              2                
                                              4                                 
                                                      2                         
                                                                                
                                                    2                           
                                                  4                             
                                                                                
                                                                                
                                                                                
                                                                                
                                                       4                        
                                                                                
                                       4                                        
                                       4   4                                    
                        1     1                                                 
                                                                                
                     1      1 1     4 4                      4                  
                         1    1                                                 
                        1   11        4  4                                      
                    11                 4                                        
                                  4        4                                    
                         1  1          4                                        
                                            4                                   
                              1                                                 
                        1       1                                               
                                                                                
                              1                                                 
                                                                                
                                                                                
                                                                                
                                                                                
                                                                                
                                                                                
                                                                                
                                                                                
iteration --> 4
numChangedLabel --> 8
                                                                                
                                                                                
                                                                                
                                                                                
                                                                                
                                                                                
                                                                                
                                                                                
        3                          3          3                                 
                                                 3       3                      
          3                        3  3  33 3       3                           
           3                        3           3    33   3                     
                                      3                                         
                                              3  3 3                            
                                          3              3                      
                                                                                
                3                     33                                        
                                                                                
                  3                                       3                     
                                              3                                 
                    3                                  3                        
                                         3          33                          
                      3                                                         
                                                                                
                                                                                
                                                                                
                                                                                
                     3                                                          
                                                                                
          1         3  3                                                        
                              3                                                 
                                                                                
                                                                                
                                                                                
                  1                                                             
                       1  1                                                     
          1         1                                                           
                   1    1                                   2                   
         1 1                                            2    2                  
              1                                    2                            
                                        2              2                        
                        1                                         2             
                                                                                
                                                    2                           
                                            2  2     2 2    2                   
                                                2              2                
                                              2                                 
                                                      2                         
                                                                                
                                                    2                           
                                                  2                             
                                                                                
                                                                                
                                                                                
                                                                                
                                                       2                        
                                                                                
                                       4                                        
                                       4   4                                    
                        1     1                                                 
                                                                                
                     1      1 1     4 4                      4                  
                         1    1                                                 
                        1   11        4  4                                      
                    11                 4                                        
                                  4        4                                    
                         1  1          4                                        
                                            4                                   
                              4                                                 
                        1       4                                               
                                                                                
                              4                                                 
                                                                                
                                                                                
                                                                                
                                                                                
                                                                                
                                                                                
                                                                                
                                                                                
iteration --> 5
numChangedLabel --> 11
                                                                                
                                                                                
                                                                                
                                                                                
                                                                                
                                                                                
                                                                                
                                                                                
        3                          3          3                                 
                                                 3       3                      
          3                        3  3  33 3       3                           
           3                        3           3    33   3                     
                                      3                                         
                                              3  3 3                            
                                          3              3                      
                                                                                
                3                     33                                        
                                                                                
                  3                                       3                     
                                              3                                 
                    3                                  3                        
                                         3          33                          
                      3                                                         
                                                                                
                                                                                
                                                                                
                                                                                
                     3                                                          
                                                                                
          1         1  3                                                        
                              3                                                 
                                                                                
                                                                                
                                                                                
                  1                                                             
                       1  1                                                     
          1         1                                                           
                   1    1                                   2                   
         1 1                                            2    2                  
              1                                    2                            
                                        2              2                        
                        1                                         2             
                                                                                
                                                    2                           
                                            2  2     2 2    2                   
                                                2              2                
                                              2                                 
                                                      2                         
                                                                                
                                                    2                           
                                                  2                             
                                                                                
                                                                                
                                                                                
                                                                                
                                                       2                        
                                                                                
                                       4                                        
                                       4   4                                    
                        1     4                                                 
                                                                                
                     1      4 4     4 4                      2                  
                         1    4                                                 
                        1   44        4  4                                      
                    11                 4                                        
                                  4        4                                    
                         4  4          4                                        
                                            4                                   
                              4                                                 
                        4       4                                               
                                                                                
                              4                                                 
                                                                                
                                                                                
                                                                                
                                                                                
                                                                                
                                                                                
                                                                                
                                                                                
iteration --> 6
numChangedLabel --> 9
                                                                                
                                                                                
                                                                                
                                                                                
                                                                                
                                                                                
                                                                                
                                                                                
        3                          3          3                                 
                                                 3       3                      
          3                        3  3  33 3       3                           
           3                        3           3    33   3                     
                                      3                                         
                                              3  3 3                            
                                          3              3                      
                                                                                
                3                     33                                        
                                                                                
                  3                                       3                     
                                              3                                 
                    3                                  3                        
                                         3          33                          
                      3                                                         
                                                                                
                                                                                
                                                                                
                                                                                
                     1                                                          
                                                                                
          1         1  1                                                        
                              1                                                 
                                                                                
                                                                                
                                                                                
                  1                                                             
                       1  1                                                     
          1         1                                                           
                   1    1                                   2                   
         1 1                                            2    2                  
              1                                    2                            
                                        2              2                        
                        1                                         2             
                                                                                
                                                    2                           
                                            2  2     2 2    2                   
                                                2              2                
                                              2                                 
                                                      2                         
                                                                                
                                                    2                           
                                                  2                             
                                                                                
                                                                                
                                                                                
                                                                                
                                                       2                        
                                                                                
                                       4                                        
                                       4   4                                    
                        4     4                                                 
                                                                                
                     4      4 4     4 4                      2                  
                         4    4                                                 
                        4   44        4  4                                      
                    44                 4                                        
                                  4        4                                    
                         4  4          4                                        
                                            4                                   
                              4                                                 
                        4       4                                               
                                                                                
                              4                                                 
                                                                                
                                                                                
                                                                                
                                                                                
                                                                                
                                                                                
                                                                                
                                                                                
iteration --> 7
numChangedLabel --> 7
                                                                                
                                                                                
                                                                                
                                                                                
                                                                                
                                                                                
                                                                                
                                                                                
        1                          3          3                                 
                                                 3       3                      
          1                        3  3  33 3       3                           
           1                        3           3    33   3                     
                                      3                                         
                                              3  3 3                            
                                          3              3                      
                                                                                
                1                     33                                        
                                                                                
                  1                                       3                     
                                              3                                 
                    1                                  3                        
                                         3          33                          
                      1                                                         
                                                                                
                                                                                
                                                                                
                                                                                
                     1                                                          
                                                                                
          1         1  1                                                        
                              1                                                 
                                                                                
                                                                                
                                                                                
                  1                                                             
                       1  1                                                     
          1         1                                                           
                   1    1                                   2                   
         1 1                                            2    2                  
              1                                    2                            
                                        2              2                        
                        1                                         2             
                                                                                
                                                    2                           
                                            2  2     2 2    2                   
                                                2              2                
                                              2                                 
                                                      2                         
                                                                                
                                                    2                           
                                                  2                             
                                                                                
                                                                                
                                                                                
                                                                                
                                                       2                        
                                                                                
                                       4                                        
                                       4   4                                    
                        4     4                                                 
                                                                                
                     4      4 4     4 4                      2                  
                         4    4                                                 
                        4   44        4  4                                      
                    44                 4                                        
                                  4        4                                    
                         4  4          4                                        
                                            4                                   
                              4                                                 
                        4       4                                               
                                                                                
                              4                                                 
                                                                                
                                                                                
                                                                                
                                                                                
                                                                                
                                                                                
                                                                                
                                                                                
iteration --> 8
numChangedLabel --> 0
                                                                                
                                                                                
                                                                                
                                                                                
                                                                                
                                                                                
                                                                                
                                                                                
        1                          3          3                                 
                                                 3       3                      
          1                        3  3  33 3       3                           
           1                        3           3    33   3                     
                                      3                                         
                                              3  3 3                            
                                          3              3                      
                                                                                
                1                     33                                        
                                                                                
                  1                                       3                     
                                              3                                 
                    1                                  3                        
                                         3          33                          
                      1                                                         
                                                                                
                                                                                
                                                                                
                                                                                
                     1                                                          
                                                                                
          1         1  1                                                        
                              1                                                 
                                                                                
                                                                                
                                                                                
                  1                                                             
                       1  1                                                     
          1         1                                                           
                   1    1                                   2                   
         1 1                                            2    2                  
              1                                    2                            
                                        2              2                        
                        1                                         2             
                                                                                
                                                    2                           
                                            2  2     2 2    2                   
                                                2              2                
                                              2                                 
                                                      2                         
                                                                                
                                                    2                           
                                                  2                             
                                                                                
                                                                                
                                                                                
                                                                                
                                                       2                        
                                                                                
                                       4                                        
                                       4   4                                    
                        4     4                                                 
                                                                                
                     4      4 4     4 4                      2                  
                         4    4                                                 
                        4   44        4  4                                      
                    44                 4                                        
                                  4        4                                    
                         4  4          4                                        
                                            4                                   
                              4                                                 
                        4       4                                               
                                                                                
                              4                                                 
                                                                                
                                                                                
                                                                                
                                                                                
                                                                                
                                                                                
                                                                                
                                                                                
